
state={
	id=162
	name="STATE_162"

	history={
		owner = TST
		buildings = {
			infrastructure = 2

		}
		add_core_of = TST

	}

	provinces={
		4 27 28 34 77 119 219 430 691 724 771 856 892 896 926 928 985 992 1015 1095 1114 1163 1253 1266 1358 1387 1526 1675 1778 1786 1858 1896 1954 2116 2149 2264 2413 2476 2556 2623 2917 3279 3368 3460 3550 3679 3778 3820 3834 4036 4289 4322 4331 4469 4525 4720 4738 5099 5135 5153 5371 5438 5506 5778 5967 5977 5989 5992 5999 6011 6019 6024 6033 6047 6050 6061 6072 6085 6087 6093 8946 8954 
	}
	manpower=1
	buildings_max_level_factor=1.000
	state_category=rural
	local_supplies=0.000
}
