state={
	id=163
	name="STATE_163"
	provinces={
		107 208 240 283 295 419 429 501 561 570 608 625 665 692 702 808 848 944 1027 1057 1082 1371 1597 1621 1825 1882 1926 2026 2110 2209 2256 2364 2433 2489 2543 2582 2602 2621 2647 2662 2689 2924 3158 3497 4197 4301 4347 4483 4547 4715 4894 4960 5010 5118 5224 5378 5423 5527 5732 5916 5958 5961 5981 5985 5993 6013 6014 6044 6052 6056 6060 6068 6080 6090 6108 6109 6119 6128 6132 6138 6164 
		8979
	}
	manpower=1
	history={
		owner = UGL
		buildings = {
			infrastructure = 2
		}
		add_core_of = UGL
	}
	state_category = rural
	local_supplies=0.0 
}
