state={
	id=248
	name="STATE_248"
	provinces={
		113 284 476 643 959 1103 1112 1123 1245 1435 1463 1666 1833 2133 2170 2197 2325 2335 2405 2596 2738 2842 2952 2992 3062 3160 3533 3568 3625 3696 3900 3964 4147 4172 4407 4520 4535 4542 4780 5034 5085 5143 5535 5655 5737 5909 6464 6499 6549 6564 6569 6601 6615 6654 6674 6681 6691 6697 6714 6750 6756 6801 6842 6867 6898 6910 6950 7031 
	}
	manpower=1
	history={
		owner = GAM
		buildings = {
			infrastructure = 2
		}
		add_core_of = GAM
	}
	state_category = rural
	local_supplies=0.0 
}
