state={
	id=280
	name="STATE_280"
	provinces={
		221 344 451 698 707 760 816 878 963 1010 1337 1619 1688 1749 1983 2048 2122 2136 2224 2309 2322 2376 2455 2478 2576 2616 2737 2976 3074 3095 3190 3206 3213 3595 3753 3825 3828 3992 4101 4206 4383 4580 4684 4721 4741 4742 4789 4918 5156 5171 5238 5242 5296 5333 5355 5500 5603 5624 5639 5665 5743 6594 6627 6671 6678 6698 6724 6725 6743 6775 6829 6902 6906 6916 6926 6929 6979 6984 7011 7018 7024 7039 7065 7076 7105 7128 7133 7136 7168 7175 7185 
	}
	resources={
		oil = 3
		tungsten = 4 
	}
	manpower=58552
	history={
		owner = CCL
		buildings = {
			infrastructure = 2
		}
		add_core_of = CCL
	}
	state_category = rural
	local_supplies=0.0 
}
