state={
	id=338
	name="STATE_338"
	provinces={
		125 179 335 414 651 685 835 918 989 1004 1160 1380 1447 1457 1536 1543 1665 1838 1868 1992 2336 2395 2646 2714 2729 3189 3201 3249 3301 3335 3359 3413 3489 3581 3621 3643 3954 4048 4070 4072 4073 4084 4135 4354 4401 4426 4445 4447 4468 4576 4616 4729 4761 4779 4809 4816 4880 4908 5015 5061 5190 5276 5309 5347 5390 5398 5471 5563 5650 5657 5753 5772 5859 5867 5873 7044 7130 7150 7210 7214 7246 7275 7280 7295 7318 7335 7351 7356 7366 7395 7397 7400 7427 7429 7440 7442 7447 7462 7464 7476 7484 7493 7495 7504 7524 7532 7533 7559 7560 7567 7603 7604 7671 7694 
	}
	manpower=2000011
	history={
		owner = TST
		buildings = {
			infrastructure = 2
                        dockyard = 1
			arms_factory = 1
		}
		add_core_of = TST
	}
	state_category = rural
	local_supplies=0.0 
}
