state={
	id=352
	name="STATE_352"
	provinces={
		48 753 965 1111 1256 1271 1297 1362 1405 1756 1808 2724 2766 2957 3346 3350 3473 3493 3504 3699 3749 3785 4038 4049 4094 4386 4505 4554 4757 5012 5095 5218 5258 5277 5565 5681 5863 7181 7186 7208 7216 7222 7224 7257 7268 7284 7305 7316 7337 7355 7402 7411 7417 7497 7509 7527 7539 7562 7580 7612 7670 
	}
	manpower=1
	history={
		owner = ACL
		buildings = {
			infrastructure = 2
		}
		add_core_of = ACL
	}
	state_category = rural
	local_supplies=0.0 
}
