state={
	id=371
	name="STATE_371"
	provinces={
		377 689 1236 1263 1280 1428 1535 1880 1936 2178 2303 2307 2359 2377 2699 2720 2935 3104 3280 3288 3355 3463 3508 3609 3746 3925 3975 4118 4128 4143 4672 4702 4788 4807 4911 4999 5051 5526 5594 5905 5920 7250 7267 7279 7311 7336 7342 7347 7365 7378 7385 7434 7446 7475 7481 7482 7516 7531 7557 7598 7629 7655 7777 
	}
	manpower=1
	history={
		owner = TST
		buildings = {
			infrastructure = 2
		}
		add_core_of = TST
	}
	state_category = rural
	local_supplies=0.0 
}
