state={
	id=442
	name="STATE_442"
	provinces={
		2 123 124 160 234 346 624 674 851 921 1098 1105 1150 1320 1427 1441 1461 1530 1633 1650 1698 1723 1760 1907 2117 2184 2189 2236 2268 2282 2402 2452 2482 2565 2617 2726 2900 2999 3167 3480 3588 3654 3777 3969 4006 4011 4067 4200 4252 4266 4278 4349 4439 4610 4712 4825 4965 5054 5064 5230 5341 5426 5865 8088 8137 8148 8151 8164 8186 8189 8190 8213 8238 8254 8259 8260 8266 8277 8285 
	}
	manpower=520721
	history={
		owner = MTR
		buildings = {
			infrastructure = 2
		}
		add_core_of = MTR
	}
	state_category = rural
	local_supplies=0.0 
}
